0.000344041453537352
76172.1464265408
5890.50801476311
-0.000155599814982935
18027.1312949037
36703.8688205297
-3.40403531999892e-06
1521456.73355711
405374.679715673
0.000323330067490572
299878.804185154
5707.19937401118
-0.000191741239904474
107894.793593446
10791.9616899268
0.000224134638170599
8672.59390232542
4265.19318533743
0.00078474605686613
20969.7145060863
2706.47700942389
0.000432873968253443
6531.38893650718
12985.4156892848
0.00113410460074806
41083.5613183865
1594.30679679899
0.000414317147777773
20426.9345851725
3714.62182515055
