284442 0.5375 6 0
283432 0.4625 6 0
283433 0.5 6 0
283440 0.55 6 0
283441 0.6 6 0
283442 0.59375 6 0
282432 0.50625 6 0
282433 0.5 6 0
282434 0.425 6 0
282435 0.4 6 0
282436 0.4625 6 0
282440 0.625 6 0
282441 0.66875 6 0
282442 0.6125 6 0
281432 0.49375 6 0
281433 0.46875 6 0
281434 0.4375 6 0
281435 0.4 6 0
281436 0.5 6 0
281437 0.5125 6 0
281440 0.7 6 0
281441 0.6625 6 0
281442 0.65 6 0
281443 0.7 6 0
280430 0.55 6 0
280431 0.4875 6 0
280432 0.4875 6 0
280433 0.40625 6 0
280434 0.4 6 0
280435 0.425 6 0
280436 0.5 6 0
280437 0.55625 6 0
280438 0.6 6 0
280439 0.675 6 0
280440 0.7 6 0
280441 0.65625 6 0
280442 0.65 6 0
280443 0.7 6 0
279429 0.6 6 0
279430 0.575 6 0
279431 0.5125 6 0
279432 0.5 6 0
279433 0.4625 6 0
279434 0.475 6 0
279435 0.5 6 0
279436 0.5125 6 0
279437 0.59375 6 0
279438 0.6 6 0
279439 0.6625 6 0
279440 0.7 6 0
279441 0.6625 6 0
279442 0.65 6 0
278431 0.6 6 0
278433 0.55 6 0
278434 0.5625 6 0
278435 0.55625 6 0
278436 0.5875 6 0
278437 0.63125 6 0
278438 0.6 6 0
278439 0.60625 6 0
278440 0.65 6 0
278441 0.6125 6 0
277437 0.675 6 0
277438 0.6 6 0
277439 0.6 6 0
