     283432.000          0.463          3.981          1.787
     283433.000          0.500          4.000          1.797
     283440.000          0.550          4.025          1.811
     283441.000          0.600          4.050          1.825
     283442.000          0.594          4.047          1.823
     282432.000          0.506          4.003          1.799
     282433.000          0.500          4.000          1.797
     282434.000          0.425          3.963          1.777
     282435.000          0.400          3.950          1.770
     282436.000          0.463          3.981          1.787
     282440.000          0.625          4.062          1.832
     282441.000          0.669          4.084          1.844
     282442.000          0.613          4.056          1.828
     281432.000          0.494          3.997          1.796
     281433.000          0.469          3.984          1.789
     281434.000          0.438          3.969          1.780
     281435.000          0.400          3.950          1.770
     281436.000          0.500          4.000          1.797
     281437.000          0.512          4.006          1.801
     281440.000          0.700          4.100          1.853
     281441.000          0.663          4.081          1.842
     281442.000          0.650          4.075          1.839
     281443.000          0.700          4.100          1.853
     280430.000          0.550          4.025          1.811
     280431.000          0.488          3.994          1.794
     280432.000          0.488          3.994          1.794
     280433.000          0.406          3.953          1.771
     280434.000          0.400          3.950          1.770
     280435.000          0.425          3.963          1.777
     280436.000          0.500          4.000          1.797
     280437.000          0.556          4.028          1.813
     280438.000          0.600          4.050          1.825
     280439.000          0.675          4.087          1.846
     280440.000          0.700          4.100          1.853
     280441.000          0.656          4.078          1.840
     280442.000          0.650          4.075          1.839
     280443.000          0.700          4.100          1.853
     279429.000          0.600          4.050          1.825
     279430.000          0.575          4.037          1.818
     279431.000          0.512          4.006          1.801
     279432.000          0.500          4.000          1.797
     279433.000          0.463          3.981          1.787
     279434.000          0.475          3.987          1.790
     279435.000          0.500          4.000          1.797
     279436.000          0.512          4.006          1.801
     279437.000          0.594          4.047          1.823
     279438.000          0.600          4.050          1.825
     279439.000          0.663          4.081          1.842
     279440.000          0.700          4.100          1.853
     279441.000          0.663          4.081          1.842
     279442.000          0.650          4.075          1.839
     278431.000          0.600          4.050          1.825
     278433.000          0.550          4.025          1.811
     278434.000          0.562          4.031          1.815
     278435.000          0.556          4.028          1.813
     278436.000          0.587          4.044          1.821
     278437.000          0.631          4.066          1.834
     278438.000          0.600          4.050          1.825
     278439.000          0.606          4.053          1.827
     278440.000          0.650          4.075          1.839
     278441.000          0.613          4.056          1.828
     277437.000          0.675          4.087          1.846
     277438.000          0.600          4.050          1.825
     277439.000          0.600          4.050          1.825
