     283432.000          0.463         75.938
     283433.000          0.500         77.500
     283440.000          0.550         79.583
     283441.000          0.600         81.667
     283442.000          0.594         81.406
     282432.000          0.506         77.760
     282433.000          0.500         77.500
     282434.000          0.425         74.375
     282435.000          0.400         73.333
     282436.000          0.463         75.938
     282440.000          0.625         82.708
     282441.000          0.669         84.531
     282442.000          0.613         82.188
     281432.000          0.494         77.240
     281433.000          0.469         76.198
     281434.000          0.438         74.896
     281435.000          0.400         73.333
     281436.000          0.500         77.500
     281437.000          0.512         78.021
     281440.000          0.700         85.833
     281441.000          0.663         84.271
     281442.000          0.650         83.750
     281443.000          0.700         85.833
     280430.000          0.550         79.583
     280431.000          0.488         76.979
     280432.000          0.488         76.979
     280433.000          0.406         73.594
     280434.000          0.400         73.333
     280435.000          0.425         74.375
     280436.000          0.500         77.500
     280437.000          0.556         79.844
     280438.000          0.600         81.667
     280439.000          0.675         84.792
     280440.000          0.700         85.833
     280441.000          0.656         84.010
     280442.000          0.650         83.750
     280443.000          0.700         85.833
     279429.000          0.600         81.667
     279430.000          0.575         80.625
     279431.000          0.512         78.021
     279432.000          0.500         77.500
     279433.000          0.463         75.938
     279434.000          0.475         76.458
     279435.000          0.500         77.500
     279436.000          0.512         78.021
     279437.000          0.594         81.406
     279438.000          0.600         81.667
     279439.000          0.663         84.271
     279440.000          0.700         85.833
     279441.000          0.663         84.271
     279442.000          0.650         83.750
     278431.000          0.600         81.667
     278433.000          0.550         79.583
     278434.000          0.562         80.104
     278435.000          0.556         79.844
     278436.000          0.587         81.146
     278437.000          0.631         82.969
     278438.000          0.600         81.667
     278439.000          0.606         81.927
     278440.000          0.650         83.750
     278441.000          0.613         82.188
     277437.000          0.675         84.792
     277438.000          0.600         81.667
     277439.000          0.600         81.667
